2019-01-01,Z3023EBQ,ST4000DM000,4000787030016,0,119,222742184,,,92,0,100,11,100,0,88,706397003,,,74,23363,100,0,,,100,11,,,,,,,,,,,,,,,,,,,,,,,,,,,,,,,100,0,100,0,94,6,100,0,100,0,73,27,100,0,100,0,51,99487,27,27,,,,,100,0,100,0,200,0,,,,,,,,,,,,,,,,,,,,,,,,,,,100,22985,100,14349697535,100,107610269629,,,,,,,,,,
2019-01-02,Z3023EBQ,ST4000DM000,4000787030016,0,119,208414648,,,92,0,100,11,100,0,88,706989963,,,74,23388,100,0,,,100,11,,,,,,,,,,,,,,,,,,,,,,,,,,,,,,,100,0,100,0,94,6,100,0,100,0,74,26,100,0,100,0,51,99487,26,26,,,,,100,0,100,0,200,0,,,,,,,,,,,,,,,,,,,,,,,,,,,100,23010,100,14351480656,100,107643204447,,,,,,,,,,
2019-01-03,Z3023EBQ,ST4000DM000,4000787030016,0,119,202928152,,,92,0,100,11,100,0,88,707576694,,,74,23412,100,0,,,100,11,,,,,,,,,,,,,,,,,,,,,,,,,,,,,,,100,0,100,0,94,6,100,0,100,0,74,26,100,0,100,0,51,99487,26,26,,,,,100,0,100,0,200,0,,,,,,,,,,,,,,,,,,,,,,,,,,,100,23033,100,14353221877,100,107674890324,,,,,,,,,,
2019-01-04,Z3023EBQ,ST4000DM000,4000787030016,0,111,39936352,,,92,0,100,11,100,0,88,708120394,,,74,23435,100,0,,,100,11,,,,,,,,,,,,,,,,,,,,,,,,,,,,,,,100,0,100,0,94,6,100,0,100,0,73,27,100,0,100,0,51,99487,27,27,,,,,100,0,100,0,200,0,,,,,,,,,,,,,,,,,,,,,,,,,,,100,23057,100,14354918620,100,107706042082,,,,,,,,,,
2019-01-05,Z3023EBQ,ST4000DM000,4000787030016,0,111,35031192,,,92,0,100,11,100,0,88,708715363,,,74,23460,100,0,,,100,11,,,,,,,,,,,,,,,,,,,,,,,,,,,,,,,100,0,100,0,94,6,100,0,100,0,74,26,100,0,100,0,51,99487,26,26,,,,,100,0,100,0,200,0,,,,,,,,,,,,,,,,,,,,,,,,,,,100,23082,100,14356670752,100,107738961728,,,,,,,,,,
2019-01-06,Z3023EBQ,ST4000DM000,4000787030016,0,117,137700176,,,92,0,100,11,100,0,88,709257739,,,74,23484,100,0,,,100,11,,,,,,,,,,,,,,,,,,,,,,,,,,,,,,,100,0,100,0,94,6,100,0,100,0,73,27,100,0,100,0,51,99487,27,27,,,,,100,0,100,0,200,0,,,,,,,,,,,,,,,,,,,,,,,,,,,100,23105,100,14358347918,100,107770291627,,,,,,,,,,
2019-01-07,Z3023EBQ,ST4000DM000,4000787030016,0,114,78123088,,,92,0,100,11,100,0,88,709828428,,,74,23508,100,0,,,100,11,,,,,,,,,,,,,,,,,,,,,,,,,,,,,,,100,0,100,0,94,6,100,0,100,0,74,26,100,0,100,0,51,99487,26,26,,,,,100,0,100,0,200,0,,,,,,,,,,,,,,,,,,,,,,,,,,,100,23129,100,14360107758,100,107802948227,,,,,,,,,,
2019-01-08,Z3023EBQ,ST4000DM000,4000787030016,0,120,184536,,,92,0,100,11,100,0,88,710395863,,,74,23532,100,0,,,100,11,,,,,,,,,,,,,,,,,,,,,,,,,,,,,,,100,0,100,0,94,6,100,0,100,0,74,26,100,0,100,0,51,99487,26,26,,,,,100,0,100,0,200,0,,,,,,,,,,,,,,,,,,,,,,,,,,,100,23154,100,14361814389,100,107835041158,,,,,,,,,,
2019-01-09,Z3023EBQ,ST4000DM000,4000787030016,0,118,190672808,,,92,0,100,11,100,0,88,710971099,,,74,23556,100,0,,,100,11,,,,,,,,,,,,,,,,,,,,,,,,,,,,,,,100,0,100,0,94,6,100,0,100,0,73,27,100,0,100,0,51,99487,27,27,,,,,100,0,100,0,200,0,,,,,,,,,,,,,,,,,,,,,,,,,,,100,23177,100,14363634439,100,107865181936,,,,,,,,,,
2019-01-10,Z3023EBQ,ST4000DM000,4000787030016,0,116,114463464,,,92,0,100,11,100,0,88,711533157,,,74,23580,100,0,,,100,11,,,,,,,,,,,,,,,,,,,,,,,,,,,,,,,100,0,100,0,94,6,100,0,100,0,74,26,100,0,100,0,51,99487,26,26,,,,,100,0,100,0,200,0,,,,,,,,,,,,,,,,,,,,,,,,,,,100,23201,100,14365313129,100,107898924129,,,,,,,,,,
2019-01-11,Z3023EBQ,ST4000DM000,4000787030016,0,108,17932376,,,92,0,100,11,100,0,88,712090663,,,74,23603,100,0,,,100,11,,,,,,,,,,,,,,,,,,,,,,,,,,,,,,,100,0,100,0,94,6,100,0,100,0,74,26,100,0,100,0,51,99487,26,26,,,,,100,0,100,0,200,0,,,,,,,,,,,,,,,,,,,,,,,,,,,100,23225,100,14367017674,100,107931102067,,,,,,,,,,
2019-01-12,Z3023EBQ,ST4000DM000,4000787030016,0,117,128148712,,,92,0,100,11,100,0,88,712639601,,,74,23628,100,0,,,100,11,,,,,,,,,,,,,,,,,,,,,,,,,,,,,,,100,0,100,0,94,6,100,0,100,0,73,27,100,0,100,0,51,99487,27,27,,,,,100,0,100,0,200,0,,,,,,,,,,,,,,,,,,,,,,,,,,,100,23250,100,14368691081,100,107966657797,,,,,,,,,,
2019-01-13,Z3023EBQ,ST4000DM000,4000787030016,0,110,25928656,,,92,0,100,11,100,0,88,713196536,,,73,23652,100,0,,,100,11,,,,,,,,,,,,,,,,,,,,,,,,,,,,,,,100,0,100,0,94,6,100,0,100,0,74,26,100,0,100,0,51,99487,26,26,,,,,100,0,100,0,200,0,,,,,,,,,,,,,,,,,,,,,,,,,,,100,23273,100,14370396187,100,108001443110,,,,,,,,,,
2019-01-14,Z3023EBQ,ST4000DM000,4000787030016,0,115,94881312,,,92,0,100,11,100,0,88,713733183,,,73,23675,100,0,,,100,11,,,,,,,,,,,,,,,,,,,,,,,,,,,,,,,100,0,100,0,94,6,100,0,100,0,74,26,100,0,100,0,51,99487,26,26,,,,,100,0,100,0,200,0,,,,,,,,,,,,,,,,,,,,,,,,,,,100,23297,100,14372046760,100,108033451569,,,,,,,,,,
2019-01-15,Z3023EBQ,ST4000DM000,4000787030016,0,119,233483400,,,92,0,100,11,100,0,88,714295595,,,73,23700,100,0,,,100,11,,,,,,,,,,,,,,,,,,,,,,,,,,,,,,,100,0,100,0,94,6,100,0,100,0,73,27,100,0,100,0,51,99487,27,27,,,,,100,0,100,0,200,0,,,,,,,,,,,,,,,,,,,,,,,,,,,100,23322,100,14373848354,100,108068816474,,,,,,,,,,
2019-01-16,Z3023EBQ,ST4000DM000,4000787030016,0,118,189238648,,,92,0,100,11,100,0,88,714880854,,,73,23724,100,0,,,100,11,,,,,,,,,,,,,,,,,,,,,,,,,,,,,,,100,0,100,0,94,6,100,0,100,0,74,26,100,0,100,0,51,99487,26,26,,,,,100,0,100,0,200,0,,,,,,,,,,,,,,,,,,,,,,,,,,,100,23345,100,14375766623,100,108099827376,,,,,,,,,,
2019-01-17,Z3023EBQ,ST4000DM000,4000787030016,0,114,67521680,,,92,0,100,11,100,0,88,715429493,,,73,23747,100,0,,,100,11,,,,,,,,,,,,,,,,,,,,,,,,,,,,,,,100,0,100,0,94,6,100,0,100,0,73,27,100,0,100,0,51,99487,27,27,,,,,100,0,100,0,200,0,,,,,,,,,,,,,,,,,,,,,,,,,,,100,23369,100,14377438225,100,108131375702,,,,,,,,,,
2019-01-18,Z3023EBQ,ST4000DM000,4000787030016,0,106,10707392,,,92,0,100,11,100,0,88,716009679,,,73,23772,100,0,,,100,11,,,,,,,,,,,,,,,,,,,,,,,,,,,,,,,100,0,100,0,94,6,100,0,100,0,73,27,100,0,100,0,51,99487,27,27,,,,,100,0,100,0,200,0,,,,,,,,,,,,,,,,,,,,,,,,,,,100,23394,100,14379182955,100,108164892692,,,,,,,,,,
2019-01-19,Z3023EBQ,ST4000DM000,4000787030016,0,116,106635696,,,92,0,100,11,100,0,88,716552285,,,73,23796,100,0,,,100,11,,,,,,,,,,,,,,,,,,,,,,,,,,,,,,,100,0,100,0,94,6,100,0,100,0,72,28,100,0,100,0,51,99487,28,28,,,,,100,0,100,0,200,0,,,,,,,,,,,,,,,,,,,,,,,,,,,100,23417,100,14380870985,100,108195859411,,,,,,,,,,
2019-01-20,Z3023EBQ,ST4000DM000,4000787030016,0,119,217264848,,,92,0,100,11,100,0,88,717102949,,,73,23820,100,0,,,100,11,,,,,,,,,,,,,,,,,,,,,,,,,,,,,,,100,0,100,0,94,6,100,0,100,0,73,27,100,0,100,0,51,99487,27,27,,,,,100,0,100,0,200,0,,,,,,,,,,,,,,,,,,,,,,,,,,,100,23441,100,14382568931,100,108227402828,,,,,,,,,,
2019-01-21,Z3023EBQ,ST4000DM000,4000787030016,0,116,108205288,,,92,0,100,11,100,0,88,717667994,,,73,23844,100,0,,,100,11,,,,,,,,,,,,,,,,,,,,,,,,,,,,,,,100,0,100,0,94,6,100,0,100,0,73,27,100,0,100,0,51,99487,27,27,,,,,100,0,100,0,200,0,,,,,,,,,,,,,,,,,,,,,,,,,,,100,23466,100,14384279969,100,108260413238,,,,,,,,,,
2019-01-22,Z3023EBQ,ST4000DM000,4000787030016,0,114,66349384,,,92,0,100,11,100,0,88,718253327,,,73,23868,100,0,,,100,11,,,,,,,,,,,,,,,,,,,,,,,,,,,,,,,100,0,100,0,94,6,100,0,100,0,72,28,100,0,100,0,51,99487,28,28,,,,,100,0,100,0,200,0,,,,,,,,,,,,,,,,,,,,,,,,,,,100,23490,100,14386030957,100,108292602623,,,,,,,,,,
2019-01-23,Z3023EBQ,ST4000DM000,4000787030016,0,102,4330632,,,92,0,100,11,100,0,88,718826802,,,73,23887,100,0,,,100,11,,,,,,,,,,,,,,,,,,,,,,,,,,,,,,,100,0,100,0,94,6,100,0,100,0,73,27,100,0,100,0,51,99487,27,27,,,,,100,0,100,0,200,0,,,,,,,,,,,,,,,,,,,,,,,,,,,100,23509,100,14387691398,100,108318438501,,,,,,,,,,
2019-01-24,Z3023EBQ,ST4000DM000,4000787030016,0,117,140109856,,,92,0,100,11,100,0,88,719817584,,,73,23911,100,0,,,100,11,,,,,,,,,,,,,,,,,,,,,,,,,,,,,,,100,0,100,0,94,6,100,0,100,0,73,27,100,0,100,0,51,99487,27,27,,,,,100,0,100,0,200,0,,,,,,,,,,,,,,,,,,,,,,,,,,,100,23533,100,14390383266,100,108359469358,,,,,,,,,,
2019-01-25,Z3023EBQ,ST4000DM000,4000787030016,0,116,102524280,,,92,0,100,11,100,0,88,720842425,,,73,23935,100,0,,,100,11,,,,,,,,,,,,,,,,,,,,,,,,,,,,,,,100,0,100,0,94,6,100,0,100,0,73,27,100,0,100,0,51,99487,27,27,,,,,100,0,100,0,200,0,,,,,,,,,,,,,,,,,,,,,,,,,,,100,23557,100,14392961524,100,108403010287,,,,,,,,,,
2019-01-26,Z3023EBQ,ST4000DM000,4000787030016,0,118,173568928,,,92,0,100,11,100,0,88,721816235,,,73,23959,100,0,,,100,11,,,,,,,,,,,,,,,,,,,,,,,,,,,,,,,100,0,100,0,94,6,100,0,100,0,73,27,100,0,100,0,51,99487,27,27,,,,,100,0,100,0,200,0,,,,,,,,,,,,,,,,,,,,,,,,,,,100,23581,100,14395279135,100,108448641488,,,,,,,,,,
2019-01-27,Z3023EBQ,ST4000DM000,4000787030016,0,114,58824208,,,92,0,100,11,100,0,88,722691853,,,73,23983,100,0,,,100,11,,,,,,,,,,,,,,,,,,,,,,,,,,,,,,,100,0,100,0,94,6,100,0,100,0,73,27,100,0,100,0,51,99487,27,27,,,,,100,0,100,0,200,0,,,,,,,,,,,,,,,,,,,,,,,,,,,100,23605,100,14397449031,100,108487067406,,,,,,,,,,
2019-01-28,Z3023EBQ,ST4000DM000,4000787030016,0,103,5284504,,,92,0,100,11,100,0,88,723360407,,,73,24007,100,0,,,100,11,,,,,,,,,,,,,,,,,,,,,,,,,,,,,,,100,0,100,0,94,6,100,0,100,0,73,27,100,0,100,0,51,99487,27,27,,,,,100,0,100,0,200,0,,,,,,,,,,,,,,,,,,,,,,,,,,,100,23629,100,14399256604,100,108519392152,,,,,,,,,,
2019-01-29,Z3023EBQ,ST4000DM000,4000787030016,0,102,5014496,,,92,0,100,11,100,0,88,723947313,,,73,24031,100,0,,,100,11,,,,,,,,,,,,,,,,,,,,,,,,,,,,,,,100,0,100,0,94,6,100,0,100,0,73,27,100,0,100,0,51,99487,27,27,,,,,100,0,100,0,200,0,,,,,,,,,,,,,,,,,,,,,,,,,,,100,23653,100,14400982314,100,108552181944,,,,,,,,,,
2019-01-30,Z3023EBQ,ST4000DM000,4000787030016,0,117,147917072,,,92,0,100,11,100,0,88,724481004,,,73,24055,100,0,,,100,11,,,,,,,,,,,,,,,,,,,,,,,,,,,,,,,100,0,100,0,94,6,100,0,100,0,73,27,100,0,100,0,51,99487,27,27,,,,,100,0,100,0,200,0,,,,,,,,,,,,,,,,,,,,,,,,,,,100,23677,100,14402548980,100,108588455272,,,,,,,,,,
2019-01-31,Z3023EBQ,ST4000DM000,4000787030016,0,112,48620120,,,92,0,100,11,100,0,88,725031650,,,73,24079,100,0,,,100,11,,,,,,,,,,,,,,,,,,,,,,,,,,,,,,,100,0,100,0,94,6,100,0,100,0,73,27,100,0,100,0,51,99487,27,27,,,,,100,0,100,0,200,0,,,,,,,,,,,,,,,,,,,,,,,,,,,100,23701,100,14404197021,100,108622630869,,,,,,,,,,
2019-02-01,Z3023EBQ,ST4000DM000,4000787030016,0,116,110352384,,,92,0,100,11,100,0,88,726110129,,,73,24103,100,0,,,100,11,,,,,,,,,,,,,,,,,,,,,,,,,,,,,,,100,0,100,0,94,6,100,0,100,0,72,28,100,0,100,0,51,99489,28,28,,,,,100,0,100,0,200,0,,,,,,,,,,,,,,,,,,,,,,,,,,,100,23725,100,14406616415,100,108664967128,,,,,,,,,,
2019-02-02,Z3023EBQ,ST4000DM000,4000787030016,0,120,243286632,,,92,0,100,11,100,0,88,727111385,,,73,24127,100,0,,,100,11,,,,,,,,,,,,,,,,,,,,,,,,,,,,,,,100,0,100,0,94,6,100,0,100,0,72,28,100,0,100,0,51,99489,28,28,,,,,100,0,100,0,200,0,,,,,,,,,,,,,,,,,,,,,,,,,,,100,23749,100,14409038324,100,108712396582,,,,,,,,,,
2019-02-03,Z3023EBQ,ST4000DM000,4000787030016,0,117,166249544,,,92,0,100,11,100,0,88,728115065,,,73,24151,100,0,,,100,11,,,,,,,,,,,,,,,,,,,,,,,,,,,,,,,100,0,100,0,94,6,100,0,100,0,72,28,100,0,100,0,51,99489,28,28,,,,,100,0,100,0,200,0,,,,,,,,,,,,,,,,,,,,,,,,,,,100,23773,100,14411462897,100,108751176791,,,,,,,,,,
2019-02-04,Z3023EBQ,ST4000DM000,4000787030016,0,113,51282816,,,92,0,100,11,100,0,88,729066461,,,73,24175,100,0,,,100,11,,,,,,,,,,,,,,,,,,,,,,,,,,,,,,,100,0,100,0,94,6,100,0,100,0,72,28,100,0,100,0,51,99489,28,28,,,,,100,0,100,0,200,0,,,,,,,,,,,,,,,,,,,,,,,,,,,100,23797,100,14413846378,100,108801854731,,,,,,,,,,
2019-02-05,Z3023EBQ,ST4000DM000,4000787030016,0,118,182476856,,,92,0,100,11,100,0,88,729831758,,,73,24199,100,0,,,100,11,,,,,,,,,,,,,,,,,,,,,,,,,,,,,,,100,0,100,0,94,6,100,0,100,0,72,28,100,0,100,0,51,99489,28,28,,,,,100,0,100,0,200,0,,,,,,,,,,,,,,,,,,,,,,,,,,,100,23820,100,14415828810,100,108837573713,,,,,,,,,,
2019-02-06,Z3023EBQ,ST4000DM000,4000787030016,0,109,22378368,,,92,0,100,11,100,0,88,730575511,,,73,24223,100,0,,,100,11,,,,,,,,,,,,,,,,,,,,,,,,,,,,,,,100,0,100,0,94,6,100,0,100,0,72,28,100,0,100,0,51,99489,28,28,,,,,100,0,100,0,200,0,,,,,,,,,,,,,,,,,,,,,,,,,,,100,23844,100,14417834119,100,108870081422,,,,,,,,,,
2019-02-07,Z3023EBQ,ST4000DM000,4000787030016,0,117,139657328,,,92,0,100,11,100,0,88,731223467,,,73,24246,100,0,,,100,11,,,,,,,,,,,,,,,,,,,,,,,,,,,,,,,100,0,100,0,94,6,100,0,100,0,71,29,100,0,100,0,51,99489,29,29,,,,,100,0,100,0,200,0,,,,,,,,,,,,,,,,,,,,,,,,,,,100,23868,100,14419646408,100,108901689782,,,,,,,,,,
2019-02-08,Z3023EBQ,ST4000DM000,4000787030016,0,119,233676576,,,92,0,100,11,100,0,88,732184436,,,73,24270,100,0,,,100,11,,,,,,,,,,,,,,,,,,,,,,,,,,,,,,,100,0,100,0,94,6,100,0,100,0,72,28,100,0,100,0,51,99489,28,28,,,,,100,0,100,0,200,0,,,,,,,,,,,,,,,,,,,,,,,,,,,100,23892,100,14421837067,100,108944413987,,,,,,,,,,
2019-02-09,Z3023EBQ,ST4000DM000,4000787030016,0,117,125547568,,,92,0,100,11,100,0,88,733183181,,,73,24294,100,0,,,100,11,,,,,,,,,,,,,,,,,,,,,,,,,,,,,,,100,0,100,0,94,6,100,0,100,0,72,28,100,0,100,0,51,99489,28,28,,,,,100,0,100,0,200,0,,,,,,,,,,,,,,,,,,,,,,,,,,,100,23916,100,14424780842,100,108984591996,,,,,,,,,,
2019-02-10,Z3023EBQ,ST4000DM000,4000787030016,0,116,102119424,,,92,0,100,11,100,0,88,734109056,,,73,24318,100,0,,,100,11,,,,,,,,,,,,,,,,,,,,,,,,,,,,,,,100,0,100,0,94,6,100,0,100,0,71,29,100,0,100,0,51,99489,29,29,,,,,100,0,100,0,200,0,,,,,,,,,,,,,,,,,,,,,,,,,,,100,23940,100,14427164705,100,109028858462,,,,,,,,,,
2019-02-11,Z3023EBQ,ST4000DM000,4000787030016,0,114,68962920,,,92,0,100,11,100,0,88,734996979,,,73,24342,100,0,,,100,11,,,,,,,,,,,,,,,,,,,,,,,,,,,,,,,100,0,100,0,94,6,100,0,100,0,71,29,100,0,100,0,51,99489,29,29,,,,,100,0,100,0,200,0,,,,,,,,,,,,,,,,,,,,,,,,,,,100,23964,100,14429185437,100,109082120337,,,,,,,,,,
2019-02-12,Z3023EBQ,ST4000DM000,4000787030016,0,112,49301592,,,92,0,100,11,100,0,88,735682826,,,73,24366,100,0,,,100,11,,,,,,,,,,,,,,,,,,,,,,,,,,,,,,,100,0,100,0,94,6,100,0,100,0,71,29,100,0,100,0,51,99489,29,29,,,,,100,0,100,0,200,0,,,,,,,,,,,,,,,,,,,,,,,,,,,100,23988,100,14431101399,100,109118876788,,,,,,,,,,
2019-02-13,Z3023EBQ,ST4000DM000,4000787030016,0,114,74751600,,,92,0,100,11,100,0,88,736285863,,,73,24390,100,0,,,100,11,,,,,,,,,,,,,,,,,,,,,,,,,,,,,,,100,0,100,0,94,6,100,0,100,0,72,28,100,0,100,0,51,99489,28,28,,,,,100,0,100,0,200,0,,,,,,,,,,,,,,,,,,,,,,,,,,,100,24011,100,14432830494,100,109149953140,,,,,,,,,,
2019-02-14,Z3023EBQ,ST4000DM000,4000787030016,0,113,54013936,,,92,0,100,11,100,0,88,736865769,,,73,24414,100,0,,,100,11,,,,,,,,,,,,,,,,,,,,,,,,,,,,,,,100,0,100,0,94,6,100,0,100,0,72,28,100,0,100,0,51,99489,28,28,,,,,100,0,100,0,200,0,,,,,,,,,,,,,,,,,,,,,,,,,,,100,24035,100,14434529548,100,109182597849,,,,,,,,,,
2019-02-15,Z3023EBQ,ST4000DM000,4000787030016,0,111,32283920,,,92,0,100,11,100,0,88,737442767,,,73,24438,100,0,,,100,11,,,,,,,,,,,,,,,,,,,,,,,,,,,,,,,100,0,100,0,94,6,100,0,100,0,72,28,100,0,100,0,51,99489,28,28,,,,,100,0,100,0,200,0,,,,,,,,,,,,,,,,,,,,,,,,,,,100,24059,100,14436229460,100,109213915631,,,,,,,,,,
2019-02-16,Z3023EBQ,ST4000DM000,4000787030016,0,102,4073792,,,92,0,100,11,100,0,88,738019181,,,73,24462,100,0,,,100,11,,,,,,,,,,,,,,,,,,,,,,,,,,,,,,,100,0,100,0,94,6,100,0,100,0,71,29,100,0,100,0,51,99489,29,29,,,,,100,0,100,0,200,0,,,,,,,,,,,,,,,,,,,,,,,,,,,100,24083,100,14437900703,100,109246976188,,,,,,,,,,
2019-02-17,Z3023EBQ,ST4000DM000,4000787030016,0,108,16244800,,,92,0,100,11,100,0,88,738614093,,,73,24486,100,0,,,100,11,,,,,,,,,,,,,,,,,,,,,,,,,,,,,,,100,0,100,0,94,6,100,0,100,0,72,28,100,0,100,0,51,99489,28,28,,,,,100,0,100,0,200,0,,,,,,,,,,,,,,,,,,,,,,,,,,,100,24107,100,14439685947,100,109279346212,,,,,,,,,,
2019-02-18,Z3023EBQ,ST4000DM000,4000787030016,0,107,13282944,,,92,0,100,11,100,0,88,739199617,,,73,24510,100,0,,,100,11,,,,,,,,,,,,,,,,,,,,,,,,,,,,,,,100,0,100,0,94,6,100,0,100,0,71,29,100,0,100,0,51,99489,29,29,,,,,100,0,100,0,200,0,,,,,,,,,,,,,,,,,,,,,,,,,,,100,24131,100,14441382795,100,109311006791,,,,,,,,,,
2019-02-19,Z3023EBQ,ST4000DM000,4000787030016,0,117,167590704,,,92,0,100,11,100,0,88,739749312,,,72,24534,100,0,,,100,11,,,,,,,,,,,,,,,,,,,,,,,,,,,,,,,100,0,100,0,94,6,100,0,100,0,71,29,100,0,100,0,51,99489,29,29,,,,,100,0,100,0,200,0,,,,,,,,,,,,,,,,,,,,,,,,,,,100,24155,100,14442995911,100,109342933126,,,,,,,,,,
2019-02-20,Z3023EBQ,ST4000DM000,4000787030016,0,115,99024544,,,92,0,100,11,100,0,88,740351530,,,72,24558,100,0,,,100,11,,,,,,,,,,,,,,,,,,,,,,,,,,,,,,,100,0,100,0,94,6,100,0,100,0,71,29,100,0,100,0,51,99550,29,29,,,,,100,0,100,0,200,0,,,,,,,,,,,,,,,,,,,,,,,,,,,100,24179,100,14444177004,100,109450883641,,,,,,,,,,
2019-02-21,Z3023EBQ,ST4000DM000,4000787030016,0,119,206458872,,,92,0,100,11,100,0,88,741114391,,,72,24582,100,0,,,100,11,,,,,,,,,,,,,,,,,,,,,,,,,,,,,,,100,0,100,0,94,6,100,0,100,0,72,28,100,0,100,0,51,99551,28,28,,,,,100,0,100,0,200,0,,,,,,,,,,,,,,,,,,,,,,,,,,,100,24203,100,14444209674,100,109815581597,,,,,,,,,,
2019-02-22,Z3023EBQ,ST4000DM000,4000787030016,0,119,210978384,,,92,0,100,11,100,0,88,741898994,,,72,24606,100,0,,,100,11,,,,,,,,,,,,,,,,,,,,,,,,,,,,,,,100,0,100,0,94,6,100,0,100,0,70,30,100,0,100,0,51,99554,30,30,,,,,100,0,100,0,200,0,,,,,,,,,,,,,,,,,,,,,,,,,,,100,24227,100,14444242542,100,110191493388,,,,,,,,,,
2019-02-23,Z3023EBQ,ST4000DM000,4000787030016,0,105,7770592,,,92,0,100,11,100,0,88,742743991,,,72,24629,100,0,,,100,11,,,,,,,,,,,,,,,,,,,,,,,,,,,,,,,100,0,100,0,94,6,100,0,100,0,70,30,100,0,100,0,51,99554,30,30,,,,,100,0,100,0,200,0,,,,,,,,,,,,,,,,,,,,,,,,,,,100,24251,100,14444275302,100,110569683000,,,,,,,,,,
2019-02-24,Z3023EBQ,ST4000DM000,4000787030016,0,119,229005152,,,92,0,100,11,100,0,88,743410272,,,72,24653,100,0,,,100,11,,,,,,,,,,,,,,,,,,,,,,,,,,,,,,,100,0,100,0,94,6,100,0,100,0,70,30,100,0,100,0,51,99554,30,30,,,,,100,0,100,0,200,0,,,,,,,,,,,,,,,,,,,,,,,,,,,100,24274,100,14444308071,100,110891824902,,,,,,,,,,
2019-02-25,Z3023EBQ,ST4000DM000,4000787030016,0,118,193644960,,,92,0,100,11,100,0,88,743642477,,,72,24677,100,0,,,100,11,,,,,,,,,,,,,,,,,,,,,,,,,,,,,,,100,0,100,0,94,6,100,0,100,0,70,30,100,0,100,0,50,100171,30,30,,,,,100,0,100,0,200,0,,,,,,,,,,,,,,,,,,,,,,,,,,,100,24294,100,14444340867,100,111019578279,,,,,,,,,,
2019-02-26,Z3023EBQ,ST4000DM000,4000787030016,0,107,13583152,,,92,0,100,11,100,0,88,744384465,,,72,24701,100,0,,,100,11,,,,,,,,,,,,,,,,,,,,,,,,,,,,,,,100,0,100,0,94,6,100,0,100,0,72,28,100,0,100,0,50,100171,28,28,,,,,100,0,100,0,200,0,,,,,,,,,,,,,,,,,,,,,,,,,,,100,24318,100,14444373618,100,111368020567,,,,,,,,,,
2019-02-27,Z3023EBQ,ST4000DM000,4000787030016,0,106,11477976,,,92,0,100,11,100,0,88,745129351,,,72,24725,100,0,,,100,11,,,,,,,,,,,,,,,,,,,,,,,,,,,,,,,100,0,100,0,94,6,100,0,100,0,71,29,100,0,100,0,50,100172,29,29,,,,,100,0,100,0,200,0,,,,,,,,,,,,,,,,,,,,,,,,,,,100,24342,100,14444406153,100,111703630339,,,,,,,,,,
2019-02-28,Z3023EBQ,ST4000DM000,4000787030016,0,108,15852536,,,92,0,100,11,100,0,88,745890338,,,72,24749,100,0,,,100,11,,,,,,,,,,,,,,,,,,,,,,,,,,,,,,,100,0,100,0,94,6,100,0,100,0,72,28,100,0,100,0,50,100172,28,28,,,,,100,0,100,0,200,0,,,,,,,,,,,,,,,,,,,,,,,,,,,100,24366,100,14444439021,100,112032441230,,,,,,,,,,
2019-03-01,Z3023EBQ,ST4000DM000,4000787030016,0,117,120580120,,,92,0,100,11,100,0,88,746707657,,,72,24773,100,0,,,100,11,,,,,,,,,,,,,,,,,,,,,,,,,,,,,,,100,0,100,0,94,6,100,0,100,0,71,29,100,0,100,0,50,100175,29,29,,,,,100,0,100,0,200,0,,,,,,,,,,,,,,,,,,,,,,,,,,,100,24389,100,14444471502,100,112395584426,,,,,,,,,,
2019-03-02,Z3023EBQ,ST4000DM000,4000787030016,0,114,70729960,,,92,0,100,11,100,0,88,747535844,,,72,24796,100,0,,,100,11,,,,,,,,,,,,,,,,,,,,,,,,,,,,,,,100,0,100,0,94,6,100,0,100,0,71,29,100,0,100,0,50,100175,29,29,,,,,100,0,100,0,200,0,,,,,,,,,,,,,,,,,,,,,,,,,,,100,24413,100,14444504262,100,112748982905,,,,,,,,,,
2019-03-03,Z3023EBQ,ST4000DM000,4000787030016,0,117,162877304,,,92,0,100,11,100,0,88,748212944,,,72,24820,100,0,,,100,11,,,,,,,,,,,,,,,,,,,,,,,,,,,,,,,100,0,100,0,94,6,100,0,100,0,71,29,100,0,100,0,50,100175,29,29,,,,,100,0,100,0,200,0,,,,,,,,,,,,,,,,,,,,,,,,,,,100,24437,100,14444537103,100,113059403701,,,,,,,,,,
2019-03-04,Z3023EBQ,ST4000DM000,4000787030016,0,119,224112400,,,92,0,100,11,100,0,88,748785152,,,72,24844,100,0,,,100,11,,,,,,,,,,,,,,,,,,,,,,,,,,,,,,,100,0,100,0,94,6,100,0,100,0,71,29,100,0,100,0,50,100175,29,29,,,,,100,0,100,0,200,0,,,,,,,,,,,,,,,,,,,,,,,,,,,100,24461,100,14444569962,100,113339425210,,,,,,,,,,
2019-03-05,Z3023EBQ,ST4000DM000,4000787030016,0,114,70352272,,,92,0,100,11,100,0,88,749352434,,,72,24868,100,0,,,100,11,,,,,,,,,,,,,,,,,,,,,,,,,,,,,,,100,0,100,0,94,6,100,0,100,0,70,30,100,0,100,0,50,100175,30,30,,,,,100,0,100,0,200,0,,,,,,,,,,,,,,,,,,,,,,,,,,,100,24485,100,14444602857,100,113626558117,,,,,,,,,,
2019-03-06,Z3023EBQ,ST4000DM000,4000787030016,0,119,219185624,,,92,0,100,11,100,0,88,749945527,,,72,24892,100,0,,,100,11,,,,,,,,,,,,,,,,,,,,,,,,,,,,,,,100,0,100,0,94,6,100,0,100,0,70,30,100,0,100,0,50,100175,30,30,,,,,100,0,100,0,200,0,,,,,,,,,,,,,,,,,,,,,,,,,,,100,24509,100,14444635554,100,113917624568,,,,,,,,,,
2019-03-07,Z3023EBQ,ST4000DM000,4000787030016,0,119,207538968,,,92,0,100,11,100,0,88,750293899,,,72,24916,100,0,,,100,11,,,,,,,,,,,,,,,,,,,,,,,,,,,,,,,100,0,100,0,94,6,100,0,100,0,72,28,100,0,100,0,50,100175,28,28,,,,,100,0,100,0,200,0,,,,,,,,,,,,,,,,,,,,,,,,,,,100,24533,100,14444668530,100,114090415849,,,,,,,,,,
2019-03-08,Z3023EBQ,ST4000DM000,4000787030016,0,120,240607880,,,92,0,100,11,100,0,88,750305027,,,72,24928,100,0,,,100,11,,,,,,,,,,,,,,,,,,,,,,,,,,,,,,,100,0,100,0,94,6,100,0,100,0,72,28,100,0,100,0,50,100808,28,28,,,,,100,0,100,0,200,0,,,,,,,,,,,,,,,,,,,,,,,,,,,100,24540,100,14444684964,100,114116085123,,,,,,,,,,
2019-03-09,Z3023EBQ,ST4000DM000,4000787030016,0,114,70529112,,,92,0,100,11,100,0,88,750329673,,,72,24967,100,0,,,100,11,,,,,,,,,,,,,,,,,,,,,,,,,,,,,,,100,0,100,0,94,6,100,0,100,0,73,27,100,0,100,0,49,102825,27,27,,,,,100,0,100,0,200,0,,,,,,,,,,,,,,,,,,,,,,,,,,,100,24562,100,14444730961,100,114190390016,,,,,,,,,,
2019-03-10,Z3023EBQ,ST4000DM000,4000787030016,0,114,70529112,,,92,0,100,11,100,0,88,750329673,,,72,24991,100,0,,,100,11,,,,,,,,,,,,,,,,,,,,,,,,,,,,,,,100,0,100,0,94,6,100,0,100,0,73,27,100,0,100,0,49,102875,27,27,,,,,100,0,100,0,200,0,,,,,,,,,,,,,,,,,,,,,,,,,,,100,24586,100,14444730961,100,114190390016,,,,,,,,,,
2019-03-11,Z3023EBQ,ST4000DM000,4000787030016,0,114,70529112,,,92,0,100,11,100,0,88,750329673,,,72,25015,100,0,,,100,11,,,,,,,,,,,,,,,,,,,,,,,,,,,,,,,100,0,100,0,94,6,100,0,100,0,73,27,100,0,100,0,49,102924,27,27,,,,,100,0,100,0,200,0,,,,,,,,,,,,,,,,,,,,,,,,,,,100,24609,100,14444730961,100,114190390016,,,,,,,,,,
2019-03-12,Z3023EBQ,ST4000DM000,4000787030016,0,114,70529112,,,92,0,100,11,100,0,88,750329673,,,72,25038,100,0,,,100,11,,,,,,,,,,,,,,,,,,,,,,,,,,,,,,,100,0,100,0,94,6,100,0,100,0,72,28,100,0,100,0,49,102972,28,28,,,,,100,0,100,0,200,0,,,,,,,,,,,,,,,,,,,,,,,,,,,100,24632,100,14444730961,100,114190390016,,,,,,,,,,
2019-03-13,Z3023EBQ,ST4000DM000,4000787030016,0,114,70529112,,,92,0,100,11,100,0,88,750329673,,,72,25062,100,0,,,100,11,,,,,,,,,,,,,,,,,,,,,,,,,,,,,,,100,0,100,0,94,6,100,0,100,0,73,27,100,0,100,0,49,103022,27,27,,,,,100,0,100,0,200,0,,,,,,,,,,,,,,,,,,,,,,,,,,,100,24656,100,14444730961,100,114190390016,,,,,,,,,,
2019-03-14,Z3023EBQ,ST4000DM000,4000787030016,0,114,70529112,,,92,0,100,11,100,0,88,750329673,,,72,25086,100,0,,,100,11,,,,,,,,,,,,,,,,,,,,,,,,,,,,,,,100,0,100,0,94,6,100,0,100,0,74,26,100,0,100,0,49,103072,26,26,,,,,100,0,100,0,200,0,,,,,,,,,,,,,,,,,,,,,,,,,,,100,24679,100,14444730961,100,114190390016,,,,,,,,,,
2019-03-15,Z3023EBQ,ST4000DM000,4000787030016,0,114,70529112,,,92,0,100,11,100,0,88,750329673,,,72,25110,100,0,,,100,11,,,,,,,,,,,,,,,,,,,,,,,,,,,,,,,100,0,100,0,94,6,100,0,100,0,73,27,100,0,100,0,49,103121,27,27,,,,,100,0,100,0,200,0,,,,,,,,,,,,,,,,,,,,,,,,,,,100,24703,100,14444730961,100,114190390016,,,,,,,,,,
2019-03-16,Z3023EBQ,ST4000DM000,4000787030016,0,114,70529112,,,92,0,100,11,100,0,88,750329673,,,72,25134,100,0,,,100,11,,,,,,,,,,,,,,,,,,,,,,,,,,,,,,,100,0,100,0,94,6,100,0,100,0,72,28,100,0,100,0,49,103170,28,28,,,,,100,0,100,0,200,0,,,,,,,,,,,,,,,,,,,,,,,,,,,100,24726,100,14444730961,100,114190390016,,,,,,,,,,
2019-03-17,Z3023EBQ,ST4000DM000,4000787030016,0,114,70529112,,,92,0,100,11,100,0,88,750329673,,,72,25158,100,0,,,100,11,,,,,,,,,,,,,,,,,,,,,,,,,,,,,,,100,0,100,0,94,6,100,0,100,0,74,26,100,0,100,0,49,103220,26,26,,,,,100,0,100,0,200,0,,,,,,,,,,,,,,,,,,,,,,,,,,,100,24749,100,14444730961,100,114190390016,,,,,,,,,,
2019-03-18,Z3023EBQ,ST4000DM000,4000787030016,0,114,70529112,,,92,0,100,11,100,0,88,750329673,,,72,25182,100,0,,,100,11,,,,,,,,,,,,,,,,,,,,,,,,,,,,,,,100,0,100,0,94,6,100,0,100,0,74,26,100,0,100,0,49,103270,26,26,,,,,100,0,100,0,200,0,,,,,,,,,,,,,,,,,,,,,,,,,,,100,24772,100,14444730961,100,114190390016,,,,,,,,,,
2019-03-19,Z3023EBQ,ST4000DM000,4000787030016,0,114,70529112,,,92,0,100,11,100,0,88,750329673,,,72,25206,100,0,,,100,11,,,,,,,,,,,,,,,,,,,,,,,,,,,,,,,100,0,100,0,94,6,100,0,100,0,75,25,100,0,100,0,49,103319,25,25,,,,,100,0,100,0,200,0,,,,,,,,,,,,,,,,,,,,,,,,,,,100,24796,100,14444730961,100,114190390016,,,,,,,,,,
2019-03-20,Z3023EBQ,ST4000DM000,4000787030016,0,114,70529112,,,92,0,100,11,100,0,88,750329673,,,72,25229,100,0,,,100,11,,,,,,,,,,,,,,,,,,,,,,,,,,,,,,,100,0,100,0,94,6,100,0,100,0,75,25,100,0,100,0,49,103368,25,25,,,,,100,0,100,0,200,0,,,,,,,,,,,,,,,,,,,,,,,,,,,100,24819,100,14444730961,100,114190390016,,,,,,,,,,
2019-03-21,Z3023EBQ,ST4000DM000,4000787030016,0,114,70529112,,,92,0,100,11,100,0,88,750329673,,,72,25253,100,0,,,100,11,,,,,,,,,,,,,,,,,,,,,,,,,,,,,,,100,0,100,0,94,6,100,0,100,0,74,26,100,0,100,0,49,103418,26,26,,,,,100,0,100,0,200,0,,,,,,,,,,,,,,,,,,,,,,,,,,,100,24843,100,14444730961,100,114190390016,,,,,,,,,,
2019-03-22,Z3023EBQ,ST4000DM000,4000787030016,0,114,70529112,,,92,0,100,11,100,0,88,750329673,,,72,25277,100,0,,,100,11,,,,,,,,,,,,,,,,,,,,,,,,,,,,,,,100,0,100,0,94,6,100,0,100,0,75,25,100,0,100,0,49,103468,25,25,,,,,100,0,100,0,200,0,,,,,,,,,,,,,,,,,,,,,,,,,,,100,24867,100,14444730961,100,114190390016,,,,,,,,,,
2019-03-23,Z3023EBQ,ST4000DM000,4000787030016,0,114,70529112,,,92,0,100,11,100,0,88,750329673,,,72,25301,100,0,,,100,11,,,,,,,,,,,,,,,,,,,,,,,,,,,,,,,100,0,100,0,94,6,100,0,100,0,74,26,100,0,100,0,49,103517,26,26,,,,,100,0,100,0,200,0,,,,,,,,,,,,,,,,,,,,,,,,,,,100,24890,100,14444730961,100,114190390016,,,,,,,,,,
2019-03-24,Z3023EBQ,ST4000DM000,4000787030016,0,114,70529112,,,92,0,100,11,100,0,88,750329673,,,72,25325,100,0,,,100,11,,,,,,,,,,,,,,,,,,,,,,,,,,,,,,,100,0,100,0,94,6,100,0,100,0,74,26,100,0,100,0,49,103566,26,26,,,,,100,0,100,0,200,0,,,,,,,,,,,,,,,,,,,,,,,,,,,100,24913,100,14444730961,100,114190390016,,,,,,,,,,
2019-03-25,Z3023EBQ,ST4000DM000,4000787030016,0,114,70529112,,,92,0,100,11,100,0,88,750329673,,,72,25349,100,0,,,100,11,,,,,,,,,,,,,,,,,,,,,,,,,,,,,,,100,0,100,0,94,6,100,0,100,0,74,26,100,0,100,0,49,103616,26,26,,,,,100,0,100,0,200,0,,,,,,,,,,,,,,,,,,,,,,,,,,,100,24937,100,14444730961,100,114190390016,,,,,,,,,,
2019-03-26,Z3023EBQ,ST4000DM000,4000787030016,0,114,70529112,,,92,0,100,11,100,0,88,750329673,,,72,25373,100,0,,,100,11,,,,,,,,,,,,,,,,,,,,,,,,,,,,,,,100,0,100,0,94,6,100,0,100,0,74,26,100,0,100,0,49,103666,26,26,,,,,100,0,100,0,200,0,,,,,,,,,,,,,,,,,,,,,,,,,,,100,24960,100,14444730961,100,114190390016,,,,,,,,,,
2019-03-27,Z3023EBQ,ST4000DM000,4000787030016,0,114,70529112,,,92,0,100,11,100,0,88,750329673,,,72,25397,100,0,,,100,11,,,,,,,,,,,,,,,,,,,,,,,,,,,,,,,100,0,100,0,94,6,100,0,100,0,74,26,100,0,100,0,49,103716,26,26,,,,,100,0,100,0,200,0,,,,,,,,,,,,,,,,,,,,,,,,,,,100,24984,100,14444730961,100,114190390016,,,,,,,,,,
2019-03-28,Z3023EBQ,ST4000DM000,4000787030016,0,114,70529112,,,92,0,100,11,100,0,88,750329673,,,71,25421,100,0,,,100,11,,,,,,,,,,,,,,,,,,,,,,,,,,,,,,,100,0,100,0,94,6,100,0,100,0,74,26,100,0,100,0,49,103766,26,26,,,,,100,0,100,0,200,0,,,,,,,,,,,,,,,,,,,,,,,,,,,100,25007,100,14444730961,100,114190390016,,,,,,,,,,
2019-03-29,Z3023EBQ,ST4000DM000,4000787030016,0,114,70529112,,,92,0,100,11,100,0,88,750329673,,,71,25445,100,0,,,100,11,,,,,,,,,,,,,,,,,,,,,,,,,,,,,,,100,0,100,0,94,6,100,0,100,0,74,26,100,0,100,0,49,103816,26,26,,,,,100,0,100,0,200,0,,,,,,,,,,,,,,,,,,,,,,,,,,,100,25030,100,14444730961,100,114190390016,,,,,,,,,,
2019-03-30,Z3023EBQ,ST4000DM000,4000787030016,0,114,70529112,,,92,0,100,11,100,0,88,750329673,,,71,25469,100,0,,,100,11,,,,,,,,,,,,,,,,,,,,,,,,,,,,,,,100,0,100,0,94,6,100,0,100,0,74,26,100,0,100,0,49,103866,26,26,,,,,100,0,100,0,200,0,,,,,,,,,,,,,,,,,,,,,,,,,,,100,25054,100,14444730961,100,114190390016,,,,,,,,,,
2019-03-31,Z3023EBQ,ST4000DM000,4000787030016,0,114,70529112,,,92,0,100,11,100,0,88,750329673,,,71,25493,100,0,,,100,11,,,,,,,,,,,,,,,,,,,,,,,,,,,,,,,100,0,100,0,94,6,100,0,100,0,74,26,100,0,100,0,49,103916,26,26,,,,,100,0,100,0,200,0,,,,,,,,,,,,,,,,,,,,,,,,,,,100,25077,100,14444730961,100,114190390016,,,,,,,,,,
2019-04-01,Z3023EBQ,ST4000DM000,4000787030016,0,114,70529112,,,92,0,100,11,100,0,88,750329673,,,71,25517,100,0,,,100,11,,,,,,,,,,,,,,,,,,,,,,,,,,,,,,,100,0,100,0,94,6,100,0,100,0,75,25,100,0,100,0,49,103966,25,25,,,,,100,0,100,0,200,0,,,,,,,,,,,,,,,,,,,,,,,,,,,100,25101,100,14444730961,100,114190390016,,,,,,,,,,
2019-04-02,Z3023EBQ,ST4000DM000,4000787030016,0,114,70529112,,,92,0,100,11,100,0,88,750329673,,,71,25541,100,0,,,100,11,,,,,,,,,,,,,,,,,,,,,,,,,,,,,,,100,0,100,0,94,6,100,0,100,0,74,26,100,0,100,0,48,104016,26,26,,,,,100,0,100,0,200,0,,,,,,,,,,,,,,,,,,,,,,,,,,,100,25124,100,14444730961,100,114190390016,,,,,,,,,,
2019-04-03,Z3023EBQ,ST4000DM000,4000787030016,0,114,70529112,,,92,0,100,11,100,0,88,750329673,,,71,25565,100,0,,,100,11,,,,,,,,,,,,,,,,,,,,,,,,,,,,,,,100,0,100,0,94,6,100,0,100,0,72,28,100,0,100,0,48,104066,28,28,,,,,100,0,100,0,200,0,,,,,,,,,,,,,,,,,,,,,,,,,,,100,25148,100,14444730961,100,114190390016,,,,,,,,,,
2019-04-04,Z3023EBQ,ST4000DM000,4000787030016,0,114,70529112,,,92,0,100,11,100,0,88,750329673,,,71,25589,100,0,,,100,11,,,,,,,,,,,,,,,,,,,,,,,,,,,,,,,100,0,100,0,94,6,100,0,100,0,72,28,100,0,100,0,48,104116,28,28,,,,,100,0,100,0,200,0,,,,,,,,,,,,,,,,,,,,,,,,,,,100,25171,100,14444730961,100,114190390016,,,,,,,,,,
2019-04-05,Z3023EBQ,ST4000DM000,4000787030016,0,114,70529112,,,92,0,100,11,100,0,88,750329673,,,71,25613,100,0,,,100,11,,,,,,,,,,,,,,,,,,,,,,,,,,,,,,,100,0,100,0,94,6,100,0,100,0,72,28,100,0,100,0,48,104166,28,28,,,,,100,0,100,0,200,0,,,,,,,,,,,,,,,,,,,,,,,,,,,100,25195,100,14444730961,100,114190390016,,,,,,,,,,
2019-04-06,Z3023EBQ,ST4000DM000,4000787030016,0,114,70529112,,,92,0,100,11,100,0,88,750329673,,,71,25637,100,0,,,100,11,,,,,,,,,,,,,,,,,,,,,,,,,,,,,,,100,0,100,0,94,6,100,0,100,0,72,28,100,0,100,0,48,104216,28,28,,,,,100,0,100,0,200,0,,,,,,,,,,,,,,,,,,,,,,,,,,,100,25218,100,14444730961,100,114190390016,,,,,,,,,,
2019-04-07,Z3023EBQ,ST4000DM000,4000787030016,0,114,70529112,,,92,0,100,11,100,0,88,750329673,,,71,25649,100,0,,,100,11,,,,,,,,,,,,,,,,,,,,,,,,,,,,,,,100,0,100,0,94,6,100,0,100,0,72,28,100,0,100,0,48,104241,28,28,,,,,100,0,100,0,200,0,,,,,,,,,,,,,,,,,,,,,,,,,,,100,25230,100,14444730961,100,114190390016,,,,,,,,,,
